0,442
0,441
0,440
247,4
247,2
247,1
247,0
245,5
245,4
245,2
245,1
245,0
242,3
242,2
242,1
242,0
241,4
241,3
241,2
241,1
241,0
240,5
240,4
240,3
240,2
240,1
240,0
239,4
239,3
239,2
239,1
239,0
238,2
238,1
238,0
237,2
237,1
237,0
4,3
4,2
4,1
4,0
3,6
3,5
237,3
3,4
3,3
3,2
3,1
3,0
247,3
2,3
245,3
2,2
2,1
238,3
2,0
1,2
1,1
1,3
1,0
0,410
0,324
0,243
0,9
0,1
0,0
0,434
0,300
0,407
0,299
0,406
0,298
0,405
0,297
0,432
0,296
0,404
0,295
0,403
0,294
0,435
0,293
0,402
0,292
0,401
0,291
0,400
0,290
0,399
0,289
0,398
0,288
0,397
0,287
0,396
0,286
0,395
0,285
0,431
0,284
0,394
0,283
0,430
0,282
0,393
0,281
0,280
0,391
0,279
0,390
0,278
0,389
0,277
0,429
0,276
0,388
0,275
0,428
0,274
0,387
0,273
0,386
0,272
0,427
0,271
0,385
0,270
0,426
0,269
0,384
0,268
0,383
0,267
0,382
0,266
0,381
0,265
0,380
0,264
0,379
0,263
0,425
0,262
0,378
0,261
0,433
0,260
0,377
0,259
0,376
0,258
0,375
0,257
0,374
0,256
0,373
0,255
0,424
0,254
0,372
0,253
0,371
0,252
0,370
0,251
0,369
0,250
0,368
0,249
0,367
0,439
0,248
0,366
0,438
0,247
0,365
0,246
0,364
0,245
0,363
0,437
0,244
0,423
0,242
0,362
0,241
0,361
0,240
0,360
0,239
0,359
0,238
0,411
0,237
0,422
0,236
0,357
0,235
0,356
0,234
0,421
0,233
0,355
0,232
0,354
0,231
0,353
0,230
0,352
0,229
0,351
0,228
0,350
0,227
0,420
0,226
0,349
0,225
0,348
0,224
0,347
0,223
0,419
0,222
0,346
0,221
0,345
0,220
0,344
0,219
0,418
0,218
0,343
0,217
0,342
0,216
0,417
0,215
0,341
0,214
0,340
0,213
0,339
0,212
0,338
0,211
0,337
0,210
0,336
0,209
0,335
0,208
0,334
0,207
0,416
0,206
0,333
0,205
0,415
0,204
0,332
0,203
0,331
0,202
0,330
0,201
0,329
0,200
0,328
0,199
0,414
0,198
0,327
0,197
0,413
0,196
0,326
0,195
0,325
0,194
0,412
0,193
0,323
0,192
0,436
0,63
0,62
0,321
0,61
0,320
0,60
0,392
0,59
0,318
0,58
0,317
0,57
0,408
0,56
0,316
0,55
0,409
0,54
0,315
0,53
0,314
0,52
0,313
0,51
0,312
0,50
0,311
0,49
0,310
0,48
0,309
0,47
0,308
0,46
0,307
0,45
0,301
0,6
0,5
0,304
0,303
0,306
0,305
0,302
0,12
0,10
0,8
0,11
0,4
0,2
0,3
0,7
